%YAML:1.0
---
cameras:
   - id: 17214810
     master: true
   - id: 17174844