%YAML:1.0
---
left_camera:
   width: 1280
   height: 960
   intrinsic_parameters: !!opencv-matrix
      rows: 3
      cols: 3
      dt: d
      data: [ 9.5226374516264843e+02, 0., 6.2920512709118407e+02, 0.,
          9.5618025322651931e+02, 5.1630711658444159e+02, 0., 0., 1. ]
   distortion_parameters: !!opencv-matrix
      rows: 5
      cols: 1
      dt: d
      data: [ -8.7830020209289525e-02, 1.2790718858347874e-01,
          1.9413376806733031e-04, -3.2696727431450563e-03,
          -2.1832640368347499e-02 ]
   projection_matrix: !!opencv-matrix
      rows: 4
      cols: 4
      dt: d
      data: [ 9.5226374516264843e+02, 0., 6.2920512709118407e+02, 0., 0.,
          9.5618025322651931e+02, 5.1630711658444159e+02, 0., 0., 0., 1.,
          0., 0., 0., 0., 1. ]
   extrinsic_parameters: !!opencv-matrix
      rows: 4
      cols: 4
      dt: d
      data: [ 1., 0., 0., 0., 0., 1., 0., 0., 0., 0., 1., 0., 0., 0., 0.,
          1. ]
right_camera:
   width: 1280
   height: 960
   intrinsic_parameters: !!opencv-matrix
      rows: 3
      cols: 3
      dt: d
      data: [ 9.6043837243913106e+02, 0., 6.3752285078346586e+02, 0.,
          9.6299402861823546e+02, 4.4515885074029592e+02, 0., 0., 1. ]
   distortion_parameters: !!opencv-matrix
      rows: 5
      cols: 1
      dt: d
      data: [ -8.3421379716463559e-02, 1.7422161536821779e-01,
          -2.1273096592162831e-03, 1.0167631119929763e-03,
          -1.7824629910162376e-01 ]
   projection_matrix: !!opencv-matrix
      rows: 4
      cols: 4
      dt: d
      data: [ 9.6043837243913106e+02, 0., 6.3752285078346586e+02, 0., 0.,
          9.6299402861823546e+02, 4.4515885074029592e+02, 0., 0., 0., 1.,
          0., 0., 0., 0., 1. ]
   extrinsic_parameters: !!opencv-matrix
      rows: 4
      cols: 4
      dt: d
      data: [ 9.9980334589129405e-01, 3.5833528005918438e-04,
          -1.9827787077745754e-02, -1.4000881213657010e-01,
          -1.4544925992247078e-04, 9.9994234454382380e-01,
          1.0737151983348514e-02, -2.2354995340646200e-03,
          1.9830491397999812e-02, -1.0732156541338831e-02,
          9.9974575389290155e-01, 4.2486409639485084e-03, 0., 0., 0., 1. ]
