image_width: 640
image_height: 480
camera_name: rgb_1405270411
camera_matrix:
  rows: 3
  cols: 3
  data: [537.9904068824313, 0, 321.2409937918118, 0, 539.0912280416167, 237.1101447873549, 0, 0, 1]
distortion_model: plumb_bob
distortion_coefficients:
  rows: 1
  cols: 5
  data: [0.04227496561349998, -0.1690346519432248, -0.001414226754593133, -0.001279236585477611, 0.06356271723472234]
rectification_matrix:
  rows: 3
  cols: 3
  data: [1, 0, 0, 0, 1, 0, 0, 0, 1]
projection_matrix:
  rows: 3
  cols: 4
  data: [537.9904068824313, 0, 321.2409937918118, 0, 0, 539.0912280416167, 237.1101447873549, 0, 0, 0, 1, 0]