%YAML:1.0
left_camera:
   width: 1280
   height: 960
   intrinsic_parameters: !!opencv-matrix
      rows: 3
      cols: 3
      dt: d
      data: [ 9.7440762196435901e+02, 0., 6.5486194529540546e+02, 0.,
          9.7523644055418436e+02, 4.6891241760338505e+02, 0., 0., 1. ]
   distortion_parameters: !!opencv-matrix
      rows: 5
      cols: 1
      dt: d
      data: [ -6.4105006925964811e-02, 1.5748445413252393e-01,
          8.4797359506127046e-04, 1.5742918111556886e-03,
          -1.3076758959025100e-01 ]
   projection_matrix: !!opencv-matrix
      rows: 4
      cols: 4
      dt: d
      data: [ 9.7440762196435901e+02, 0., 6.5486194529540546e+02, 0., 0.,
          9.7523644055418436e+02, 4.6891241760338505e+02, 0., 0., 0., 1.,
          0., 0., 0., 0., 1. ]
   extrinsic_parameters: !!opencv-matrix
      rows: 4
      cols: 4
      dt: d
      data: [ 1., 0., 0., 0., 0., 1., 0., 0., 0., 0., 1., 0., 0., 0., 0.,
          1. ]
right_camera:
   width: 1280
   height: 960
   intrinsic_parameters: !!opencv-matrix
      rows: 3
      cols: 3
      dt: d
      data: [ 9.7139808882015632e+02, 0., 6.5220137455887391e+02, 0.,
          9.7185146189837121e+02, 4.5361327690538485e+02, 0., 0., 1. ]
   distortion_parameters: !!opencv-matrix
      rows: 5
      cols: 1
      dt: d
      data: [ -6.3156568608739749e-02, 1.3646491579385586e-01,
          -2.2447216370300254e-03, 1.6033593412421259e-03,
          -9.6735832030149321e-02 ]
   projection_matrix: !!opencv-matrix
      rows: 4
      cols: 4
      dt: d
      data: [ 9.7139808882015632e+02, 0., 6.5220137455887391e+02, 0., 0.,
          9.7185146189837121e+02, 4.5361327690538485e+02, 0., 0., 0., 1.,
          0., 0., 0., 0., 1. ]
   extrinsic_parameters: !!opencv-matrix
      rows: 4
      cols: 4
      dt: d
      data: [ 9.9991202328079898e-01, 8.9931291386525225e-03,
          9.7503500857373925e-03, -1.3969280249329696e-01,
          -8.9763986471862907e-03, 9.9995816545968719e-01,
          -1.7582940094670501e-03, 2.9649575399297260e-05,
          -9.7657547494145267e-03, 1.6706162912094816e-03,
          9.9995091833318595e-01, -1.1845770912778753e-03, 0., 0., 0.,
          1. ]
